934 1864
   16.074243     9.673883    40.842792
   17.580592    10.051553    40.657245
   16.423439    11.208783    40.657245
   11.674898    11.838311    41.062926
    7.770370     9.673883    41.660652
  -14.101240    -0.626668    42.800318
  -18.569914    -0.928665    42.330416
  -21.866115    -1.429827    41.956459
  -17.069988    -6.225954    41.956459
  -14.101240    -6.619487    42.210097
   -2.953426     5.578934    42.313548
   -3.312759     5.391066    42.330416
   -7.472239   -13.872599    40.842792
   30.914808    11.035771    37.690587
   30.741332    13.289568    37.460085
   30.674325    13.929774    37.399964
   30.562208    14.200511    37.399964
   26.986758    12.756141    38.665984
   26.506720    11.035771    39.027792
   24.451778    10.051553    39.527484
   22.799345    12.987958    39.316403
   15.325015    16.083911    39.316403
  -30.555784    -8.836840    39.309826
  -27.702635    -1.574984    40.972938
  -27.869225    -1.836900    40.902526
  -28.574968    -3.250475    40.554026
  -29.112187    -4.579247    40.247232
  -30.475468    -9.966601    39.137279
  -30.521274   -12.808143    38.269589
  -28.810190   -19.212987    36.541714
  -27.541230   -22.344301    35.751245
  -24.092521   -29.818089    33.917443
   -6.138284   -37.254968    33.917443
   -6.138284   -16.657657    40.165601
   -3.353149   -43.815260    31.577449
   -1.456440   -46.021393    30.669911
    1.375585   -45.806057    30.379365
   27.914182   -34.813458    30.379365
   28.004944   -34.736856    30.391204
   28.949468   -32.406225    30.979490
   28.856849   -26.666657    32.732203
   28.745815   -26.391742    32.829541
   29.718272    -8.821751    35.558502
   30.172003    -7.726268    35.558502
   30.341300    -6.308050    35.685321
   31.451254     8.775320    37.243898
   30.647785    14.286166    37.347504
   31.076369    18.609993    35.399340
   31.600434    23.326191    33.175256
   31.202646    22.310017    33.775304
   15.537566    16.757930    38.986551
   32.642374    29.830617    29.549280
   32.698471    30.952022    28.941804
   31.910710    32.286132    28.341601
   15.554202    36.668842    28.341601
   15.537566    36.640213    28.359243
  -29.942737    24.453786    28.359243
  -29.578220    17.169646    32.304935
  -28.599109    14.668402    33.782113
  -28.074116    -0.710930    40.532361
  -32.163494    14.584372    32.304935
  -31.959687    12.750183    33.169917
  -28.113268    -0.658547    40.493519
  -28.487301   -20.570310    36.102685
  -28.458595   -20.663934    36.075062
  -27.463158   -23.780237    35.174951
  -24.111633   -30.186242    33.754644
  -22.914400   -31.983290    33.191582
  -21.421979   -33.974784    32.597182
  -20.219640   -35.203973    32.280716
   -9.888835   -44.448889    30.131531
   -8.060913   -45.483787    30.011367
   -6.497229   -46.602871    29.637101
   -5.918537   -46.973577    29.521889
   -5.627450   -47.111693    29.489778
   -2.713330   -47.892490    29.489778
   -1.456440   -47.980466    29.622786
   -0.796194   -48.687602    29.150176
   -0.574281   -48.825640    29.044636
   -0.554473   -48.835390    29.036589
    2.826610   -48.598775    28.678804
    6.487482   -47.617884    28.678804
    7.654616   -47.553276    28.497590
   25.131678   -37.658095    29.647005
   28.240862   -34.683467    30.313751
   29.049901   -33.874428    30.313751
   29.091994   -33.688571    30.374723
   29.587585   -16.833842    34.178663
   32.686323    30.057637    29.409539
   32.725320    30.954343    28.926793
   33.171700    34.350436    26.181274
   33.170076    34.479576    26.086102
   33.115526    36.278482    24.776288
   33.048596    36.661878    24.524662
   32.657307    37.546127    24.061801
   31.663340    38.210242    24.061801
   29.465408    43.115546    20.908203
   27.112803    45.279200    19.787959
   16.160285    41.324301    24.821630
   15.554202    38.908324    26.705416
   24.637170    48.395426    17.634673
   23.257099    49.602098    16.869660
   21.583387    50.587090    16.334531
   16.564263    51.585468    16.334531
   16.160285    51.615644    16.375695
   14.963052    52.687761    15.300406
   13.878401    53.110696    14.776263
   10.116011    52.829358    14.392944
    2.416596    51.297862    14.392944
   -7.635811    47.282068    16.047622
  -17.474508    43.611911    16.803040
  -25.407133    39.904071    17.959032
  -31.921231    36.575295    19.115875
  -32.530022    36.015328    19.405801
  -32.832871    28.761828    24.645987
  -34.221995    35.630771    18.851327
  -36.206293    34.304940    18.851327
  -35.926812    33.080471    19.900154
  -34.930601    29.854759    22.792067
  -33.930908    28.854988    24.031470
  -33.154289    19.706018    29.151724
  -35.259215    29.362959    22.792067
  -28.142980    -1.078619    40.554026
  -21.103424   -34.468750    32.388268
  -20.314502   -35.140602    32.280716
   -3.597578   -48.148990    29.129285
   -3.452112   -48.159281    29.150176
    0.188875   -49.500975    28.368992
    1.202031   -49.425224    28.265773
    3.725250   -48.923288    28.265773
    6.368401   -48.736117    27.885085
   25.296643   -37.620568    29.592997
   29.095785   -35.082029    29.592997
   28.992411   -34.747302    29.893060
   29.089827   -34.344949    30.050364
   29.199314   -34.181145    30.050364
   32.634172    40.472859    21.335626
   32.542018    40.679684    21.227919
   32.446459    40.775243    21.227919
   31.263773    43.275404    19.658897
   31.261374    43.322294    19.605894
   29.401806    45.967766    17.634673
   20.162461    51.660058    15.445949
   19.079821    52.122532    15.168016
   18.393809    52.181260    15.255528
   15.444019    52.648454    15.255528
   13.270228    53.520245    14.159812
   13.244694    53.528524    14.144878
   13.192698    53.542606    14.117642
   10.268209    53.303593    13.844429
    9.185956    53.132206    13.844429
    6.090622    52.867427    13.449813
  -33.710929    36.127909    18.576566
  -34.617616    35.665977    18.576566
  -36.157701    35.253797    18.010486
  -36.218286    34.325057    18.825561
  -36.174491    35.258594    17.990214
  -36.761076    34.671932    17.990214
  -35.691513    30.433606    21.738985
  -36.919386    34.664040    17.811090
  -37.422560    33.676572    17.811090
  -32.541165     5.951033    34.036678
  -34.128525    -4.070734    34.036678
  -32.075905    -7.118792    37.125977
  -24.449997   -29.822422    33.778631
  -23.947674   -30.950016    33.191582
   -9.936111   -44.453067    30.098724
   -9.500641   -45.072536    29.637101
   -2.060589   -49.309625    28.168048
   -1.854151   -49.499504    27.976466
   -1.507276   -49.714299    27.781711
    0.188875   -49.982947    27.781711
    1.150344   -50.833692    26.559563
    1.623960   -51.152634    26.079525
    4.908865   -50.632283    26.079525
    5.803017   -50.555836    25.965551
    6.218834   -50.241846    26.225610
    8.504355   -49.670659    25.536812
   28.797502   -39.330724    25.536812
   29.302069   -38.612988    26.071633
   29.333793   -37.979514    26.788286
   29.432988   -37.769903    26.919824
   29.572574   -35.631009    28.796879
   29.466414   -35.452581    29.025756
   30.212547   -36.990344    26.919824
   29.883237   -35.829555    28.318853
   29.396854   -34.670391    29.569165
   29.947845   -35.702659    28.318853
   30.457364    -6.664519    35.475091
   30.645696    -5.475643    35.475091
   31.771434     8.299770    36.761925
   35.316398     8.299770    30.129829
   33.324749    23.427940    30.129829
   33.416053    35.202187    25.085790
   33.233678    35.876438    24.908058
   33.231899    35.884718    24.904344
   32.812368    42.348908    18.718628
   32.799059    42.376918    18.705474
   32.259055    43.080650    18.705474
   32.190578    43.212730    18.629646
   31.990949    44.633578    16.579038
   31.629991    45.130949    16.222646
   29.182987    47.008545    16.222646
   28.809031    47.482548    15.791896
   26.167815    49.445568    14.854103
   25.320319    49.695955    15.129638
   21.362557    51.335312    15.129638
   17.856668    52.811484    14.301486
   17.273024    53.004382    14.125766
   16.959420    53.034558    14.159812
   12.290808    53.933353    13.164452
   11.932404    53.901939    13.134972
    9.287009    53.553671    13.134972
    6.900900    53.323865    12.875763
  -34.443134    36.161258    17.959032
  -36.158552    35.654370    17.401154
  -36.227571    35.325988    17.846682
  -37.216895    35.754881    15.924904
  -37.685946    35.394930    15.924904
  -37.470533    35.179516    16.540814
  -37.479276    35.105313    16.618809
  -38.979357    35.213175    14.058295
  -38.338765    34.924641    15.452758
  -38.300464    34.083413    16.162138
  -40.066020    35.260915    12.028578
  -40.925199    35.221144    10.482613
  -42.796451    34.351442     7.710709
  -42.811694    34.335193     7.695079
  -43.277495    33.210694     7.695079
  -43.683562    32.742030     7.114375
  -34.314304    -4.027791    33.699630
  -44.599767    31.846330     5.620871
  -45.201362    30.893836     4.730046
  -46.996090    17.261568     4.730046
  -47.177922    15.189449     4.900195
  -44.886676     9.901522    10.489267
  -37.344410    -4.027791    28.030706
  -37.009761    -6.569579    28.030706
  -35.872262    -8.370652    29.715250
  -33.088442   -11.092261    34.253098
  -31.795031   -12.584760    36.102685
  -26.713388   -26.569938    34.154444
  -26.590980   -26.595626    34.320492
  -26.961919   -29.187013    30.503863
  -23.646219   -33.508209    30.503863
  -23.281625   -34.212018    30.099807
  -23.121225   -35.353385    28.452635
   -9.332272   -45.934036    28.452635
   -9.318189   -45.940690    28.459289
   -7.859195   -47.025032    27.941260
   -7.751024   -47.056988    27.976466
    0.094786   -51.102650    25.796408
    1.092854   -52.123544    24.132213
    1.855546   -52.605207    23.418965
    1.855546   -52.154262    24.262668
    5.365845   -53.048724    21.724593
    2.375432   -53.110160    22.346152
    4.477341   -54.248355    19.699132
    5.441905   -54.121305    19.699132
    7.372504   -54.675237    17.215994
    9.390538   -54.129274    16.684191
   15.075479   -51.774502    16.684191
   16.522016   -50.967475    17.065498
   17.754687   -50.091583    17.735648
   18.019157   -49.915940    17.797626
   24.289289   -45.255994    20.023955
   26.390347   -43.419870    21.187220
   28.500070   -40.745537    23.617278
   28.945909   -40.403459    23.617278
   30.067081   -38.858887    24.724214
   30.112965   -38.532362    25.195431
   30.099579   -38.518976    25.233732
   30.274061   -37.038858    26.788827
   31.062132   -37.295436    25.195431
   30.422932   -37.007521    26.586800
   30.372483   -35.899502    27.521265
   31.074357   -37.289787    25.177248
   31.352290   -36.994367    24.891887
   31.918061   -35.628456    24.891887
   34.523220   -32.622181    21.166406
   36.616153   -28.906604    18.534010
   36.728503   -28.728640    18.367575
   40.259384    -1.908937    18.367575
   37.917688     3.495672    24.079907
   41.478669    -2.260377    14.478677
   47.325402    -2.260377    -4.795279
   45.995548     9.541880    -4.795279
   40.812387    23.045550     7.275703
   39.156008    27.534109    10.549775
   35.745910    34.439883    18.234721
   32.990487    42.314631    18.234721
   32.931217    42.297144    18.451837
   32.676496    44.222714    15.499261
   32.442435    44.595123    15.499261
   32.323973    44.511093    16.028742
   32.093703    45.500572    14.043903
   31.144769    46.449429    14.043903
   30.752165    46.909272    13.678922
   30.643297    47.000266    13.661745
   30.419991    47.123990    13.771386
   27.433447    49.000503    13.771386
   26.063977    49.683962    14.318741
   24.327977    50.678935    13.562936
   22.395831    51.286875    14.089942
   18.815739    52.539586    14.089942
   15.199976    53.769394    12.613615
   15.082520    53.800654    12.565100
   14.378170    53.983570    12.223719
   12.290808    54.218792    12.223719
    7.313776    54.585784     9.165061
   11.065023    54.520092    10.774938
    8.961412    54.940861     8.606564
    7.318960    54.755779     8.606564
    3.035524    54.880663     3.214722
    0.060663    54.037346     2.558422
  -28.743105    43.958476     2.558422
  -30.292552    43.010857     3.904989
  -32.626432    41.673110     4.921086
  -35.881934    39.134339     8.182081
  -37.300925    35.876438    15.496630
  -41.458240    35.630461     8.182081
  -41.225881    35.302930     9.645873
  -42.425512    35.257898     6.627450
  -42.834056    34.849277     6.627450
  -42.705844    34.758361     7.200339
  -43.826475    34.183305     4.853228
  -44.077482    33.783892     4.853228
  -44.536551    33.195219     4.263548
  -44.981848    32.705586     3.353843
  -45.618804    31.664110     2.448703
  -45.977208    30.640044     2.448703
  -46.222024    30.144221     1.897015
  -46.762570    28.679268     0.828458
  -47.396509    26.297415    -0.155837
  -47.863857    24.389874    -0.820339
  -47.952220    23.718872    -0.820339
  -48.824708    16.556908    -1.036527
  -48.978840    15.189449    -1.036527
  -48.978840    13.890467    -1.519041
  -48.782151     5.769432    -3.887199
  -48.474119     2.408777    -4.119868
  -48.017138    -1.647020    -4.119868
  -47.369350    -3.334582    -2.611275
  -46.848921    -3.350444    -0.901506
  -46.021621    -8.088850    -3.660102
  -38.274001   -30.230191    -3.660102
  -34.893847   -29.236069     8.719532
  -30.071335   -31.336585    19.546934
  -38.120720   -31.161716    -4.995527
  -33.739326   -38.134574    -4.995527
  -31.927266   -39.350687    -1.755888
  -28.783882   -37.120257    12.292893
  -25.935995   -38.168155    16.998723
  -30.694595   -40.583280    -1.755888
  -24.552055   -42.949427     8.116854
  -24.304917   -42.601082     9.673728
  -16.702841   -47.881426     8.116854
   -9.794514   -51.328973    10.877925
   -5.831722   -51.981095    16.559229
   -5.778874   -51.801352    17.217619
    2.870714   -55.026212    16.559229
    2.857173   -54.582695    18.016212
    4.477341   -54.342831    19.408819
    3.079783   -55.136163    16.274255
    4.553556   -55.302211    16.274255
    4.553556   -54.607223    18.565424
    4.925191   -55.393592    15.834994
    7.259768   -55.130592    15.834994
    7.263482   -55.008493    16.236109
    7.424423   -55.135389    15.627627
    8.042113   -54.960288    15.491369
   10.575855   -54.073719    15.491369
   11.602706   -53.750598    15.211346
   11.832821   -53.632987    15.272318
   19.604041   -48.920116    17.797626
   24.085946   -45.439374    19.851949
   27.075198   -42.847446    21.295236
   28.782104   -40.848601    22.881823
   29.063906   -40.566799    22.881823
   30.477636   -38.707850    24.045784
   30.860723   -38.249554    23.973516
   31.580626   -37.451348    23.298336
   32.062057   -36.685252    23.298336
   34.478033   -33.587364    20.195264
   36.300306   -31.583413    16.472491
   38.376062   -28.189564    13.522933
   42.257145   -22.528222     3.887116
   43.966991   -19.065586     0.033733
   45.063404   -16.981861    -2.806417
   47.043678   -12.471404    -7.659260
   48.241839    -9.349685   -10.449734
   48.455783    -7.451352   -10.449734
   47.819600    -4.270595    -7.171020
   48.521862    -7.493599   -11.078953
   48.724895    -7.493599   -13.140007
   48.724895    -7.237408   -13.396275
   48.490370    -3.495601   -14.756693
   48.221722    -0.768420   -14.756693
   47.895274     2.338056   -14.548011
   47.819600     2.706286   -14.147902
   46.410358     9.151366    -8.085677
   41.750644    24.512282    -8.085677
   38.573060    34.366376    -5.993518
   37.144551    37.769355    -1.593399
   35.528639    41.287083     1.384866
   35.036530    42.080725     3.042484
   32.878988    44.379941    13.507071
   33.869474    43.817807     5.731441
   33.056179    45.003434     7.755045
   32.684776    45.451284     9.243056
   32.477641    45.379943    12.006680
   32.212320    45.609439    12.807209
   31.852910    46.283072    10.794901
   31.815229    46.245390    11.509465
   31.385330    46.666855    10.794901
   30.149332    47.588862    11.755829
   30.112965    47.613313    11.812158
   28.255177    48.670728    12.538483
   24.825270    50.504066    12.538483
   24.216247    50.783856    13.054192
   19.688768    52.368045    13.054192
   17.613863    53.037111    12.613615
   11.924279    54.520092     9.915605
   11.240821    54.660607     9.172876
    9.002654    55.019707     7.764795
    8.958163    55.024117     7.764795
    8.958163    54.945968     8.557663
    3.128452    55.024117     1.935084
    3.097037    54.945968     2.696537
    2.624195    54.967865     0.860259
    1.256813    54.805763    -1.945922
   -1.642683    54.362246    -6.787933
   -5.798218    53.508252   -11.303265
   -9.109972    52.784093   -14.418330
   -9.334825    52.725675   -14.527274
  -13.707708    51.399224   -14.527274
  -14.244540    51.226058   -14.413300
  -18.737587    49.653863   -14.413300
  -21.371298    48.688060   -14.070758
  -21.934438    48.446184   -13.724425
  -25.904039    46.622673   -10.363615
  -28.517555    45.225656   -10.363615
  -34.951570    41.563469    -7.848289
  -36.724400    40.460479    -6.097047
  -38.321742    39.387202    -3.624277
  -40.717678    37.599980    -1.761614
  -40.755050    37.570268    -1.720140
  -42.595352    35.442980     4.698012
  -42.328406    36.182227    -0.712942
  -43.517514    34.993118     1.505340
  -43.439907    34.915588     2.974470
  -43.871430    34.224546     4.384641
  -44.298002    34.042095     1.505340
  -44.653079    33.566003     1.875505
  -44.638532    33.560973     2.070336
  -44.804116    33.300759     1.771744
  -45.758389    31.515394     1.771744
  -46.041507    30.899097     1.250000
  -46.114859    30.689564     1.250000
  -46.755142    28.703874     0.828458
  -48.474119     0.854456    -5.674112
  -48.318516    -1.363129    -6.511316
  -45.483861   -13.143334   -14.716226
  -44.910585   -15.350706   -15.786098
  -44.206544   -17.996178   -16.879338
  -43.758694   -19.603579   -17.321231
  -43.406867   -20.748274   -17.697586
  -41.296834   -27.291620   -19.086865
  -40.689358   -29.027774   -19.086865
  -38.448251   -31.415972    -8.217061
  -40.542886   -29.346562   -19.356751
  -39.226572   -31.809195   -19.356751
  -38.443608   -33.184701   -18.818990
  -38.205369   -33.567711   -18.440701
  -36.663660   -35.862362   -14.888464
  -36.502951   -36.077776   -14.721023
  -36.394470   -36.214034   -14.569986
  -36.138279   -36.480593   -13.983788
  -33.975708   -38.351458    -7.459012
  -33.787840   -38.831110    -9.598835
  -33.666980   -38.947250    -9.333050
  -33.627982   -38.908253    -8.595350
  -30.786131   -40.683095    -2.795739
  -30.610488   -41.227200    -6.956767
  -29.905751   -41.700662    -5.865926
  -24.653494   -44.690301    -3.812532
  -16.999731   -48.781304    -3.812532
  -10.126919   -51.938539     2.006347
   -8.350143   -52.684439     4.303783
   -6.092555   -53.412389     4.783125
    3.033202   -55.205801    15.609985
   -0.370706   -55.148079     4.783125
   -0.315924   -55.160072     4.834657
    2.206289   -55.678411     7.575302
    2.267571   -55.685685     7.701037
    3.457608   -55.818307    10.237332
    3.343943   -55.535808    12.991672
    4.882712   -55.535808    14.530441
    4.925191   -55.469265    15.163296
    4.882712   -55.818307    11.662436
    5.670318   -55.740699    11.662436
    6.991042   -55.469265    13.097445
    7.140919   -55.436535    13.238423
    8.671409   -54.972282    13.238423
    9.551634   -54.688390    13.425362
    9.662668   -54.641810    13.568817
   13.150219   -52.928792    15.272318
   16.773177   -50.866654    16.688679
   18.177699   -49.984108    16.688679
   26.360402   -43.572842    19.851949
   27.442887   -42.617795    20.544925
   28.348801   -41.711958    20.544925
   29.204575   -40.741900    19.923985
   32.699090   -36.483843    19.923985
   36.237167   -31.740718    16.236418
   42.501265   -22.417498     1.803777
   42.717298   -22.037893     1.655371
   43.311620   -20.795241     0.422158
   48.427386    -9.175049   -11.921496
   48.452610    -9.102625   -12.073075
   48.521862    -8.785772   -12.371126
   48.663304    -8.097748   -13.118729
   48.696576    -7.781204   -13.140007
   48.341731    -2.507979   -15.277973
   48.299020    -2.188031   -15.391792
   48.221722    -1.345178   -15.333451
   48.208103    -1.223930   -15.333451
   48.129103    -0.489559   -15.300412
   47.832832     2.396784   -15.042906
   47.751278     2.617846   -15.204156
   46.319906     6.949410   -16.508400
   44.287791    13.275795   -17.763587
   43.688903    15.176295   -18.011885
   43.351314    16.367106   -17.749195
   40.267973    25.178873   -17.749195
   38.925506    29.445364   -16.585543
   38.635502    30.656215   -15.551728
   38.610819    30.798896   -15.356432
   37.906933    35.076220    -9.224337
   37.894398    35.101367    -9.214278
   35.631626    40.739031    -0.755421
   35.466042    41.265495     0.550602
   37.624203    35.531343    -9.214278
   37.257365    36.308117    -8.413208
   35.748695    40.224561    -2.118315
   35.376905    41.404075     0.805632
   32.893148    45.105183     7.422330
   32.179203    45.749180     8.026324
   28.755874    48.148133     9.664985
   30.391827    46.872287     8.026324
   25.107691    50.239055    11.253352
   15.507003    53.451148    10.113996
   20.930337    51.553511    10.113996
    6.816715    54.967865     5.052779
   -2.371639    54.131590    -8.400828
   -5.488174    53.508252   -11.613309
   -7.861516    52.924762   -14.418330
  -10.112605    52.427160   -15.222494
  -10.859744    52.151470   -15.767528
  -13.074079    51.523722   -15.279056
  -15.563407    50.652627   -15.279056
  -27.854678    45.491751   -11.358279
  -28.365435    45.170874   -11.358279
  -34.704355    41.658641    -8.245613
  -38.976107    38.748079    -4.687108
  -39.596118    38.300462    -4.050462
  -42.076935    36.181917    -2.081252
  -42.510161    35.891217    -1.306800
  -43.751885    34.514550    -0.142374
  -44.725502    32.965026    -0.142374
  -45.165073    32.401345     0.422236
  -46.001891    30.941344     1.057954
  -46.837006    28.287129     0.334028
  -46.911596    28.008035     0.221446
  -42.551402   -23.278070   -18.674840
  -41.402065   -26.756181   -19.722118
  -41.021145   -27.694670   -20.128650
  -40.383802   -29.516092   -20.128650
  -40.219920   -29.783966   -20.361396
  -39.859505   -30.412875   -20.635228
  -39.489263   -31.154752   -20.338725
  -38.900589   -32.091616   -20.338725
  -38.782823   -32.304090   -20.234345
  -37.462099   -34.545042   -17.828737
  -37.447707   -34.565005   -17.808233
  -36.706603   -35.432850   -17.119358
  -36.029335   -36.442060   -15.315190
  -35.233991   -37.159409   -14.642409
  -25.488223   -43.283148   -14.642409
  -25.039676   -43.506995   -14.821611
  -20.604119   -46.049171   -12.890471
  -18.614328   -47.266212   -11.161203
   -5.634878   -51.807928   -11.161203
   -4.162498   -52.582613    -9.154312
   -3.099976   -53.319461    -6.330411
   -1.923402   -53.882988    -4.035683
   -1.123648   -54.348479    -1.560747
    0.961548   -55.160072     3.557186
    2.106629   -55.522422     6.091005
    5.692448   -55.685685    11.125914
    5.746301   -55.628504    10.672493
    6.682778   -55.363028    10.879086
   10.111059   -54.163474    10.879086
   10.181471   -54.120376    10.817959
   10.273780   -54.036424    10.646495
   19.910217   -47.981472    10.646495
   21.281235   -46.744855     9.486712
   26.603130   -38.814319    -4.690977
   27.117755   -38.211718    -5.169313
   36.883641   -28.445832    -5.169313
   39.481217   -25.030163    -7.308052
   41.183558   -20.610855   -14.411211
   47.245319   -10.963586   -14.411211
   47.270853   -10.930933   -14.378559
   47.919260    -9.799547   -13.885908
   48.187057    -9.361679   -13.505452
   48.428779    -9.104095   -12.333057
   48.446730    -8.619492   -13.505452
   48.596529    -8.250642   -13.345671
   48.639627    -8.119955   -13.306287
   48.696576    -7.558981   -13.362230
   48.712902    -7.369256   -13.386216
   48.289657    -2.153676   -15.409743
   47.836546     1.732205   -15.300412
   40.977352    21.523262   -19.641106
   40.326623    23.928638   -19.007168
   39.969148    24.791685   -19.007168
   38.844880    28.596322   -17.769932
   37.873430    34.111268   -11.202057
   38.443765    30.906061   -15.551728
   38.279187    31.223688   -15.369431
   36.886117    36.819492    -8.046680
   35.672635    40.117396    -2.597270
   33.082951    40.693844    -5.845421
   34.267494    38.828860    -8.046680
   32.949013    40.500173    -6.527951
   27.015464    42.253504    -8.457544
    2.474009    52.418958    -8.457544
   -2.356705    53.725909    -9.730683
   -2.359491    53.734343    -9.705768
   -6.940205    52.410833   -15.625931
   -7.969146    52.546318   -15.625931
   -7.861516    52.919655   -14.435043
   -8.719999    52.220953   -16.419495
   -9.313160    51.899767   -17.166557
  -10.486406    51.745326   -17.166557
  -10.949190    51.878102   -16.571306
  -15.460885    50.657502   -15.382275
  -18.888934    49.237505   -15.382275
  -21.463298    48.476748   -14.545071
  -21.692484    48.306444   -14.626470
  -28.210838    45.205229   -11.552182
  -32.873029    41.627768   -11.552182
  -34.816162    41.354787    -8.747858
  -37.822437    39.172562    -6.593489
  -40.029809    36.295892    -6.593489
  -42.284921    35.247684    -3.252951
  -44.229447    33.181059    -1.256119
  -46.980460    26.539600    -1.256119
  -47.289730    25.396453    -1.557419
  -47.855036    24.392737    -0.846337
  -48.281918    19.959888    -1.327923
  -48.774568    16.217926    -1.327923
  -44.813014   -14.691620   -16.352643
  -44.586536   -15.109835   -16.879338
  -40.254043   -29.056480   -21.093446
  -39.998704   -29.351127   -21.458582
  -39.492744   -30.572578   -21.458582
  -39.175118   -30.910168   -21.784720
  -39.158637   -30.932375   -21.792612
  -39.028336   -31.035207   -21.910997
  -38.029958   -32.336278   -21.910997
  -38.208928   -32.515248   -21.182738
  -37.603387   -32.396244   -22.526675
  -35.922247   -33.267107   -23.491704
  -31.625888   -36.563772   -23.491704
  -27.132764   -38.701428   -25.610790
  -27.073804   -38.695857   -25.693117
  -20.435827   -40.657406   -27.851742
   -9.752421   -45.082595   -27.851742
   -8.240657   -46.628947   -25.331154
   -8.238026   -46.630571   -25.328678
   -6.457381   -48.360226   -21.654265
   -5.666293   -50.778136   -14.544220
   -4.792103   -49.261961   -19.557076
   -4.592319   -49.449752   -19.060634
   -4.592319   -50.619130   -15.467466
   -4.162498   -52.110080   -10.712038
   -2.622413   -52.338106    -9.388218
   -1.906225   -53.319229    -5.887823
   -3.843478   -49.664624   -18.097463
    9.899979   -52.765606     5.992119
   14.573388   -42.036085   -18.097463
   15.330663   -41.323610   -18.829204
   16.992614   -37.747774   -24.126029
   21.223513   -32.384792   -28.999377
   31.747061   -24.309796   -28.999377
   32.259365   -24.237759   -28.259898
   33.702807   -23.190016   -27.225541
   41.022694   -20.496726   -15.130108
   34.678745   -21.918193   -27.225541
   40.738958   -17.137309   -21.718641
   41.692690   -16.480390   -20.683278
   41.942613   -16.364249   -20.313113
   46.870666   -11.126771   -15.252516
   47.076176   -10.630639   -15.252516
   47.313564   -10.247165   -15.037180
   47.931718    -9.533917   -14.153241
   47.495474    -0.974317   -16.605119
   47.410825     0.061433   -16.508400
   40.671719    21.928014   -19.894202
   39.967059    24.747272   -19.044618
   39.655854    25.358075   -19.044618
   38.785920    28.608702   -17.849861
   38.703670    28.700392   -17.869127
   38.661732    28.720200   -17.895435
   35.874895    31.507037   -17.895435
   35.799531    31.540618   -17.934742
   33.315310    30.835881   -20.928791
   15.437364    35.620402   -27.499993
    4.435790    41.226034   -27.499993
   -5.415441    43.688280   -30.468663
   -6.231521    44.439365   -29.710923
   -7.138518    49.611616   -20.911769
   -7.464424    44.634661   -29.710923
   -9.037084    46.026184   -27.711847
   -9.176515    46.231771   -27.390738
   -9.176515    49.092348   -22.385232
   -9.313160    49.683498   -21.312884
  -10.359201    49.950057   -20.556614
   -9.384965    46.343038   -27.138184
  -10.550628    48.858055   -22.414248
  -20.493549    40.683011   -27.138184
  -21.742005    41.037160   -25.633538
  -22.909216    42.518129   -22.479631
  -32.619159    41.373898   -12.278120
  -27.785814    34.993350   -25.633538
  -30.118844    34.876281   -22.994333
  -33.107245    37.231672   -16.629957
  -39.243750    35.941821    -8.304496
  -33.803316    27.645066   -22.994333
  -36.424414    25.764065   -20.467942
  -38.831338    26.879666   -15.946962
  -36.817096    21.173369   -21.053134
  -41.330260    -7.321825   -21.053134
  -41.966752   -15.109835   -21.780697
  -41.287781   -16.118040   -22.802519
  -41.151600   -17.784478   -22.646839
  -39.759458   -26.574425   -22.646839
  -39.514642   -29.436008   -22.282013
  -39.131168   -29.943901   -22.599640
  -38.647106   -30.291318   -23.066215
  -38.176895   -31.214177   -23.066215
  -37.780267   -31.492961   -23.361790
  -37.699178   -31.583336   -23.380747
  -36.620020   -32.093860   -24.058016
  -36.351527   -32.266949   -24.171526
  -35.275154   -33.343322   -24.171526
  -32.999538   -34.357097   -25.356379
  -27.541307   -37.424963   -27.168670
  -27.400406   -37.517658   -27.193508
  -27.303068   -37.605016   -27.173003
  -20.806456   -39.343723   -29.560969
  -20.710046   -39.374518   -29.588825
  -18.498806   -40.165297   -30.099117
  -17.771011   -40.536159   -30.099117
  -11.227123   -42.171724   -32.071112
  -10.193772   -42.952057   -31.424871
  -10.010160   -43.121046   -31.254412
   -9.727584   -44.732161   -28.513458
   -8.466052   -43.365553   -31.254412
   -8.466052   -44.410742   -29.425562
   -8.238026   -45.396817   -27.636947
   -5.007594   -46.219939   -25.301287
   -7.978276   -42.934029   -31.874423
   -4.330093   -42.356188   -31.874423
   -3.366999   -41.469927   -32.768498
    1.222226   -38.004583   -35.638437
    2.759061   -37.100140   -36.129772
    3.405379   -36.534988   -36.488099
    6.426974   -34.319337   -37.515337
   22.542922   -26.107928   -37.515337
   22.989302   -25.472906   -37.988489
   23.022496   -25.443117   -37.995453
   24.671602   -24.708435   -37.136816
   31.357784   -23.920519   -30.112116
   25.348639   -24.031476   -37.136816
   25.841522   -23.798266   -36.827468
   31.405138   -23.519249   -30.533813
   32.754414   -22.570779   -29.528394
   33.657851   -22.132833   -28.610565
   40.307744   -17.360615   -22.201001
   48.131037    -5.085825   -15.037180
   40.449573    -0.974317   -25.190563
   40.299774     1.028938   -24.986446
   36.852381    18.360456   -24.986446
   39.490657    22.045393   -21.195969
   39.397729    22.454245   -21.062032
   35.053553    28.955809   -21.062032
   33.389977    29.691883   -21.932740
   30.173473    28.698535   -24.816451
   15.595984    32.228101   -30.515630
   11.096515    35.234530   -30.515630
   -2.359568    38.292801   -34.924802
   -3.335507    38.991194   -34.691205
   -5.020438    40.540872   -33.888897
   -5.289628    40.879700   -33.654758
   -5.506202    43.059913   -31.251859
   -6.971774    41.214272   -33.654758
   -7.327702    41.667771   -33.224473
   -7.327702    42.466751   -32.326142
   -7.464424    43.071751   -31.615292
   -8.666687    43.463272   -30.906299
   -8.875678    41.359893   -33.224473
   -8.915527    41.309754   -33.259059
   -9.839933    40.459551   -33.699249
   -9.969847    40.385966   -33.707838
  -10.267047    40.224561   -33.719444
  -11.842259    39.549459   -33.571502
  -13.820367    39.099829   -32.923327
  -19.822780    39.633489   -28.753323
  -15.299634    38.111433   -32.923327
  -18.158895    36.992968   -32.196460
  -18.987278    36.676038   -31.979422
  -20.032391    36.423020   -31.570801
  -20.413620    36.041790   -31.570801
  -21.994172    34.988785   -31.075520
  -23.262126    34.427735   -30.411869
  -26.563434    34.212166   -27.514617
  -24.572173    32.467037   -30.411869
  -26.242403    30.600659   -30.023521
  -26.954181    29.343538   -29.940884
  -27.984592    28.223139   -29.407379
  -28.720976    17.824089   -30.905139
  -31.377513     4.468748   -30.905139
  -31.685390     0.351050   -31.324669
  -33.282191    -4.235002   -30.264004
  -38.825921   -15.513195   -25.685534
  -39.367551   -16.118040   -25.142358
  -38.804875   -23.642973   -24.375720
  -38.496147   -25.195050   -24.375720
  -38.131630   -30.342463   -23.634384
  -37.717980   -30.792325   -23.848560
  -37.392151   -30.938255   -24.058016
  -35.711708   -32.550067   -24.506485
  -22.439623   -38.718838   -29.133005
  -11.238575   -42.056048   -32.198704
  -15.950208   -40.744531   -30.934232
  -11.210333   -42.053804   -32.207525
   -9.429997   -42.179849   -32.463948
   -8.432007   -42.378317   -32.463948
   -7.978276   -42.412285   -32.510141
   -7.041567   -41.573456   -33.351523
   -5.450569   -40.791421   -33.997378
   -3.191201   -39.483076   -34.963103
   -0.539926   -38.355095   -35.638437
   -5.262314   -40.674351   -34.086901
   -3.472075   -39.631251   -34.859265
    7.094262   -33.705671   -37.833041
   18.340884   -25.174082   -41.084906
   18.702847   -25.091831   -40.966367
   21.009724   -23.550354   -40.966367
   21.269010   -23.592601   -40.768672
   23.078593   -24.151408   -39.146338
   23.105133   -24.177948   -39.105716
   23.430962   -23.624016   -39.146338
   25.596318   -23.157364   -37.445467
   25.793936   -23.262285   -37.199877
   27.762835   -12.265353   -37.445467
   36.432618    -5.460245   -29.219511
   23.285573   -12.265353   -41.119958
   34.114445    17.723810   -27.337349
   22.415097   -12.483707   -41.798696
   19.031462     0.144148   -41.798696
   18.625704     7.468833   -40.661120
   23.600879    14.130486   -35.722157
   29.259125    17.926534   -30.845018
    6.292960    31.438405   -35.722157
    3.693139    32.026769   -36.575843
   -2.243118    38.095571   -35.013474
   -4.656309    39.345110   -34.691205
   -5.848357    40.241893   -34.269430
   -6.807738    40.777564   -33.986313
   -6.971774    40.953284   -33.868934
   -7.772921    40.897187   -33.784208
   -8.778340    40.627843   -33.784208
   -9.784842    40.462646   -33.707838
  -13.206856    38.766263   -33.475866
  -19.018770    36.644546   -31.979422
  -19.886692    36.171858   -31.775537
  -27.338428    22.404957   -31.018416
  -28.631994    17.577570   -31.018416
  -29.572494     4.134718   -32.441044
  -38.204982   -24.388719   -24.746272
  -37.594721   -26.666193   -24.746272
  -37.358029   -30.939725   -24.082621
  -22.485894   -38.672490   -29.133005
  -19.331987   -39.686342   -30.041317
   -8.099524   -41.500568   -33.220681
   -7.661964   -41.524787   -33.288617
   -7.635579   -41.531905   -33.288617
    2.988789   -36.384570   -36.679526
    3.567172   -35.949487   -36.884184
   20.052742   -23.218955   -41.687817
   20.279685   -23.238221   -41.560844
   20.103810   -23.120223   -41.712423
   22.987367   -23.520797   -39.527258
   20.207648   -20.153874   -42.217221
   20.591199   -16.884987   -42.577018
   20.794697   -13.996787   -42.881491
   17.861542    -6.315555   -43.349149
   17.663848    -3.714419   -43.082281
   17.216307    -2.634024   -43.082281
   16.673672    -0.388274   -42.914530
   16.243309     7.387511   -41.706852
   14.082363     9.548457   -41.706852
    9.026717    17.659511   -40.410036
    3.655148    30.914185   -37.064237
    1.611967    31.760443   -37.064237
   -3.098351    37.792491   -35.297984
   -3.880154    38.442291   -35.062608
  -26.531865    20.129108   -31.775537
  -27.619998     5.813382   -33.244203
  -32.639818   -12.686122   -29.397010
  -21.884376   -38.651985   -29.397010
   17.655414    -5.945932   -43.365243
   16.540741    -0.255343   -42.914530
    7.637903    19.179090   -40.123592
   -4.386036     7.155152   -40.123592
   -4.563922     5.813382   -40.238185
    7.082887    -4.831259   -42.433718
    7.418775    -7.364923   -42.217221
   -0.905758   -37.197556   -35.943606
   16.540741    -4.831259   -43.365243
     1      2      3
     1      3      4
     1      4      5
     6      7      8
     6      8      9
     6      9     10
     1      5     11
     1     11     12
     1     12      6
     1      6     10
     1     10     13
    14     15     16
    14     16     17
    14     17     18
    14     18     19
    20     19     18
    20     18     21
    20     21      3
    20      3      2
     3     21     22
     3     22      4
    12      7      6
    24     25     26
    24     26     27
    24     27     23
    24     23     28
    24     28      9
    24      9      8
    10      9     28
    10     28     29
    10     29     30
    10     30     31
    10     31     32
    10     32     33
    10     33     34
    10     34     13
    34     33     35
    34     35     36
    34     36     37
    34     37     38
    34     38     39
    34     39     40
    34     40     41
    34     41     42
    13     34     42
    13     42     43
    13     43     20
    13     20      2
    13      2      1
    43     44     45
    43     45     46
    43     46     14
    43     14     19
    43     19     20
    17     16     47
    48     49     50
    22     21     18
    22     18     17
    22     17     47
    22     47     48
    22     48     50
    22     50     51
    51     50     49
    51     49     52
    51     52     53
    51     53     54
    51     54     55
    51     55     56
     5      4     22
     5     22     51
     5     51     56
     5     56     57
     5     57     58
     5     58     59
     5     59     11
    11     59     60
    11     60     24
    11     24      8
    11      8      7
    11      7     12
    58     61     62
    58     62     63
    58     63     60
    58     60     59
    30     64     65
    30     65     66
    30     66     31
    32     67     68
    32     68     69
    32     69     70
    32     70     71
    32     71     72
    32     72     35
    32     35     33
    35     72     73
    35     73     74
    35     74     75
    35     75     76
    35     76     77
    35     77     36
    36     77     78
    36     78     79
    36     79     80
    36     80     81
    36     81     82
    36     82     37
    37     82     83
    37     83     84
    37     84     38
    39     85     86
    39     86     87
    39     87     40
    42     41     88
    42     88     44
    42     44     43
    52     89     90
    52     90     53
    53     90     91
    53     91     92
    53     92     93
    53     93     94
    53     94     95
    53     95     96
    53     96     54
    54     96     97
    54     97     98
    54     98     99
    54     99    100
    54    100     55
    98    101    102
    98    102    103
    98    103    104
    98    104    105
    98    105     99
   100     99    105
   100    105    106
   100    106    107
   100    107    108
   100    108    109
   100    109    110
    56     55    100
    56    100    110
    56    110    111
    56    111    112
    56    112    113
    56    113    114
    56    114    115
    56    115     57
   114    116    117
   114    117    118
   114    118    119
   114    119    120
   114    120    115
    57    115    120
    57    120    121
    57    121     61
    57     61     58
   120    119    122
   120    122    121
    60     63    123
    60    123     25
    60     25     24
   123     26     25
    69    124    125
    69    125     70
    75    126    127
    75    127     76
    76    127     78
    76     78     77
    80    128    129
    80    129    130
    80    130     81
    81    130    131
    81    131     83
    81     83     82
    38     84    132
    38    132    133
    38    133    134
    38    134     85
    38     85     39
   134    135     86
   134     86     85
    86    135    136
    86    136     87
    94    137    138
    94    138    139
    94    139     95
    95    139    140
    95    140     97
    95     97     96
    97    140    141
    97    141    142
    97    142    101
    97    101     98
   103    143    144
   103    144    145
   103    145    104
   105    104    145
   105    145    146
   105    146    106
   107    147    148
   107    148    149
   107    149    150
   107    150    151
   107    151    108
   108    151    152
   108    152    109
   113    153    154
   113    154    116
   113    116    114
   154    155    156
   154    156    117
   154    117    116
   157    158    156
   157    156    155
   118    159    122
   118    122    119
   117    156    158
   117    158    160
   117    160    161
   117    161    159
   117    159    118
    62    162     27
    62     27     26
    62     26    123
    62    123     63
    27    162    163
    27    163    164
    27    164     23
   165    166     68
   165     68     67
    70    125    167
    70    167     71
    71    167    168
    71    168     73
    71     73     72
    78    127    126
    78    126    169
    78    169     79
    79    169    170
    79    170    171
    79    171    172
    79    172    128
    79    128     80
   172    173    174
   172    174    175
   172    175    129
   172    129    128
   129    175    176
   129    176    177
   129    177    131
   129    131    130
    83    131    177
    83    177    178
    83    178    179
    83    179    180
    83    180    181
    83    181    132
    83    132     84
   132    181    182
   132    182    183
   132    183    184
   132    184    133
   182    185    186
   182    186    183
   133    184    187
   133    187    136
   133    136    135
   133    135    134
   187    184    183
   187    183    186
   187    186    188
    88    189     45
    88     45     44
    45    189    190
    45    190    191
    45    191     46
    46    191    192
    46    192    193
    46    193     15
    46     15     14
    47     16     15
    47     15    193
    47    193     89
    47     89     52
    47     52     49
    47     49     48
    91    194    195
    91    195     92
    92    195    196
    92    196     93
   197    198    199
   197    199    138
   197    138    137
   138    199    200
   138    200    141
   138    141    140
   138    140    139
   141    200    201
   141    201    202
   141    202    203
   141    203    142
   142    203    204
   142    204    205
   142    205    206
   142    206    102
   142    102    101
   102    206    207
   102    207    143
   102    143    103
   145    144    208
   145    208    209
   145    209    210
   145    210    146
   106    146    210
   106    210    147
   106    147    107
   149    211    212
   149    212    213
   149    213    150
   152    151    150
   152    150    213
   152    213    214
   112    215    153
   112    153    113
   216    217    157
   216    157    155
   216    155    154
   216    154    153
   216    153    215
   218    219    220
   218    220    217
   218    217    216
   220    221    160
   220    160    158
   220    158    157
   220    157    217
   222    223    221
   222    221    220
   222    220    219
   161    160    221
   161    221    223
   161    223    224
   224    223    222
   224    222    225
   224    225    226
   224    226    227
   224    227    228
   224    228    229
   121    122    159
   121    159    161
   121    161    224
   121    224    229
   121    229    230
   121    230    231
   121    231    163
   121    163    162
   121    162     62
   121     62     61
   230    232    233
   230    233    234
   230    234    235
   230    235    236
   230    236    237
   230    237    231
   164    163    231
   164    231    237
   164    237    238
   164    238    239
   164    239    240
    28     23    164
    28    164    240
    28    240    241
    28    241     29
    29    241     64
    29     64     30
    65    242    243
    65    243     66
   243    242    244
   243    244    245
   243    245    166
   243    166    165
    68    166    245
    68    245    246
    68    246    124
    68    124     69
   246    247    248
   246    248    249
   246    249    168
   246    168    167
   246    167    125
   246    125    124
    73    168    249
    73    249    250
    73    250    251
    73    251     74
    74    251    170
    74    170    169
    74    169    126
    74    126     75
   171    252    173
   171    173    172
   253    254    255
   253    255    174
   253    174    173
   253    173    252
   256    255    254
   256    254    257
   256    257    258
   256    258    259
   174    255    256
   174    256    176
   174    176    175
   177    176    256
   177    256    259
   177    259    260
   177    260    261
   177    261    262
   177    262    263
   177    263    264
   177    264    178
   178    264    265
   178    265    266
   178    266    267
   178    267    268
   178    268    179
   179    268    269
   179    269    270
   179    270    271
   179    271    272
   179    272    180
   180    272    273
   180    273    185
   180    185    182
   180    182    181
   273    272    271
   273    271    274
   273    274    275
   188    186    185
   188    185    273
   188    273    275
   188    275    276
   276    275    274
   276    274    277
   276    277    278
   276    278    279
    40     87    136
    40    136    187
    40    187    188
    40    188    276
    40    276    279
    40    279    280
    40    280    281
    40    281    190
    40    190    189
    40    189     88
    40     88     41
   281    282    283
   281    283    284
   281    284    192
   281    192    191
   281    191    190
   283    285    286
   283    286    287
   283    287    288
   283    288    284
   192    284    288
   192    288    289
   192    289    290
   192    290    194
   192    194     91
   192     91     90
   192     90     89
   192     89    193
   290    291    292
   290    292    196
   290    196    195
   290    195    194
    93    196    292
    93    292    197
    93    197    137
    93    137     94
   292    291    293
   292    293    294
   292    294    295
   292    295    198
   292    198    197
   295    201    200
   295    200    199
   295    199    198
   294    296    297
   294    297    202
   294    202    201
   294    201    295
   202    297    298
   202    298    299
   202    299    300
   202    300    204
   202    204    203
   204    300    301
   204    301    302
   204    302    205
   205    302    303
   205    303    304
   205    304    207
   205    207    206
   207    304    305
   207    305    208
   207    208    144
   207    144    143
   210    209    306
   210    306    307
   210    307    148
   210    148    147
   148    307    308
   148    308    309
   148    309    211
   148    211    149
   310    212    211
   310    211    309
   310    309    311
   310    311    312
   310    312    313
   214    213    212
   214    212    310
   110    109    152
   110    152    214
   110    214    310
   110    310    313
   110    313    314
   110    314    315
   110    315    316
   110    316    317
   110    317    111
   111    317    318
   111    318    319
   111    319    320
   111    320    218
   111    218    216
   111    216    215
   111    215    112
   319    321    322
   319    322    226
   319    226    225
   319    225    320
   320    225    222
   320    222    219
   320    219    218
   323    324    325
   323    325    322
   323    322    321
   322    325    227
   322    227    226
   227    325    324
   227    324    326
   227    326    327
   227    327    228
   229    228    327
   229    327    328
   229    328    232
   229    232    230
   328    329    330
   328    330    331
   328    331    233
   328    233    232
   233    331    332
   233    332    333
   233    333    334
   233    334    335
   233    335    336
   233    336    234
   234    336    337
   234    337    338
   234    338    235
   235    338    339
   235    339    340
   235    340    341
   235    341    342
   235    342    343
   235    343    344
   235    344    236
   237    236    344
   237    344    238
   238    344    343
   238    343    345
   238    345    346
   238    346    347
   238    347    239
   240    239    347
   240    347    348
   240    348    244
   240    244    242
   240    242     65
   240     65     64
   240     64    241
   347    346    349
   347    349    350
   347    350    351
   347    351    352
   347    352    348
   348    352    353
   348    353    247
   348    247    246
   348    246    245
   348    245    244
   351    354    355
   351    355    356
   351    356    353
   351    353    352
   353    356    248
   353    248    247
   249    248    356
   249    356    355
   249    355    357
   249    357    358
   249    358    359
   249    359    360
   249    360    250
   250    360    253
   250    253    252
   250    252    171
   250    171    170
   250    170    251
   359    361    362
   359    362    257
   359    257    254
   359    254    253
   359    253    360
   362    363    258
   362    258    257
   364    365    366
   364    366    363
   364    363    362
   364    362    361
   366    365    367
   366    367    368
   366    368    369
   259    258    363
   259    363    366
   259    366    369
   259    369    260
   260    369    368
   260    368    370
   260    370    371
   260    371    372
   260    372    261
   261    372    373
   261    373    374
   261    374    262
   265    375    376
   265    376    266
   267    377    378
   267    378    269
   267    269    268
   269    378    379
   269    379    380
   269    380    270
   274    271    270
   274    270    380
   274    380    381
   274    381    277
   277    381    382
   277    382    383
   277    383    278
   279    278    383
   279    383    384
   279    384    280
   280    384    385
   280    385    386
   280    386    282
   280    282    281
   386    387    388
   386    388    285
   386    285    283
   386    283    282
   388    389    390
   388    390    391
   388    391    392
   388    392    393
   388    393    286
   388    286    285
   392    394    395
   392    395    396
   392    396    397
   392    397    398
   392    398    399
   392    399    400
   392    400    393
   286    393    400
   286    400    401
   286    401    287
   288    287    401
   288    401    402
   288    402    403
   288    403    404
   288    404    289
   289    404    405
   289    405    406
   289    406    407
   289    407    293
   289    293    291
   289    291    290
   406    408    409
   406    409    410
   406    410    411
   406    411    407
   407    411    412
   407    412    296
   407    296    294
   407    294    293
   410    413    414
   410    414    412
   410    412    411
   412    414    298
   412    298    297
   412    297    296
   298    414    413
   298    413    415
   298    415    416
   298    416    417
   298    417    299
   299    417    418
   299    418    301
   299    301    300
   301    418    419
   301    419    420
   301    420    303
   301    303    302
   303    420    421
   303    421    305
   303    305    304
   208    305    421
   208    421    422
   208    422    306
   208    306    209
   309    308    423
   309    423    311
   311    423    424
   311    424    425
   311    425    426
   311    426    427
   311    427    312
   427    426    428
   427    428    429
   313    312    427
   313    427    429
   313    429    314
   314    429    428
   314    428    430
   314    430    431
   314    431    432
   314    432    433
   314    433    434
   314    434    435
   314    435    436
   314    436    437
   314    437    315
   315    437    438
   315    438    439
   315    439    440
   315    440    441
   315    441    316
   316    441    442
   316    442    443
   316    443    444
   316    444    445
   316    445    318
   316    318    317
   318    445    446
   318    446    447
   318    447    448
   318    448    323
   318    323    321
   318    321    319
   447    449    450
   447    450    451
   447    451    448
   448    451    452
   448    452    326
   448    326    324
   448    324    323
   450    453    454
   450    454    455
   450    455    452
   450    452    451
   327    326    452
   327    452    455
   327    455    329
   327    329    328
   455    454    456
   455    456    457
   455    457    330
   455    330    329
   330    457    458
   330    458    459
   330    459    332
   330    332    331
   332    459    460
   332    460    333
   340    461    341
   341    461    462
   341    462    342
   343    342    462
   343    462    463
   343    463    464
   343    464    465
   343    465    466
   343    466    345
   345    466    467
   345    467    468
   345    468    469
   345    469    470
   345    470    349
   345    349    346
   469    471    472
   469    472    473
   469    473    474
   469    474    475
   469    475    470
   349    470    475
   349    475    476
   349    476    477
   349    477    478
   349    478    479
   349    479    350
   478    480    481
   478    481    482
   478    482    479
   350    479    482
   350    482    483
   350    483    354
   350    354    351
   482    481    484
   482    484    485
   482    485    483
   355    354    483
   355    483    485
   355    485    486
   355    486    357
   357    486    487
   357    487    488
   357    488    489
   357    489    358
   358    489    490
   358    490    491
   358    491    364
   358    364    361
   358    361    359
   490    492    493
   490    493    494
   490    494    495
   490    495    496
   490    496    497
   490    497    491
   491    497    498
   491    498    499
   491    499    367
   491    367    365
   491    365    364
   496    500    498
   496    498    497
   498    500    501
   498    501    502
   498    502    499
   368    367    499
   368    499    502
   368    502    503
   368    503    370
   370    503    504
   370    504    505
   370    505    506
   370    506    371
   371    506    373
   371    373    372
   262    374    507
   262    507    508
   262    508    263
   263    508    509
   263    509    375
   263    375    265
   263    265    264
   266    376    510
   266    510    511
   266    511    377
   266    377    267
   511    512    379
   511    379    378
   511    378    377
   380    379    512
   380    512    513
   380    513    514
   380    514    382
   380    382    381
   383    382    514
   383    514    515
   383    515    385
   383    385    384
   385    515    516
   385    516    517
   385    517    387
   385    387    386
   517    518    389
   517    389    388
   517    388    387
   390    519    391
   391    519    520
   391    520    521
   391    521    394
   391    394    392
   521    522    523
   521    523    395
   521    395    394
   397    524    525
   397    525    526
   397    526    398
   399    398    526
   399    526    527
   399    527    528
   399    528    529
   401    400    399
   401    399    529
   401    529    530
   401    530    531
   401    531    532
   401    532    533
   401    533    534
   401    534    402
   402    534    535
   402    535    536
   402    536    537
   402    537    538
   402    538    539
   402    539    403
   403    539    540
   403    540    541
   403    541    542
   403    542    405
   403    405    404
   540    543    544
   540    544    545
   540    545    541
   405    542    546
   405    546    408
   405    408    406
   546    547    409
   546    409    408
   409    547    548
   409    548    415
   409    415    413
   409    413    410
   549    416    415
   549    415    548
   549    548    550
   419    418    417
   419    417    416
   419    416    549
   419    549    551
   552    422    421
   552    421    420
   552    420    419
   552    419    551
   552    551    553
   306    422    552
   306    552    424
   306    424    423
   306    423    308
   306    308    307
   430    554    431
   428    426    425
   428    425    554
   428    554    430
   432    555    556
   432    556    433
   433    556    557
   433    557    434
   435    558    559
   435    559    560
   435    560    436
   436    560    561
   436    561    438
   436    438    437
   440    562    442
   440    442    441
   442    562    563
   442    563    564
   442    564    443
   444    565    566
   444    566    446
   444    446    445
   446    566    567
   446    567    568
   446    568    449
   446    449    447
   568    569    453
   568    453    450
   568    450    449
   570    571    456
   570    456    454
   570    454    453
   570    453    569
   456    571    572
   456    572    458
   456    458    457
   458    572    573
   458    573    460
   458    460    459
   333    460    573
   333    573    574
   333    574    334
   467    575    576
   467    576    468
   468    576    577
   468    577    578
   468    578    471
   468    471    469
   578    579    580
   578    580    581
   578    581    472
   578    472    471
   472    581    582
   472    582    583
   472    583    473
   475    474    584
   475    584    585
   475    585    476
   476    585    586
   476    586    587
   476    587    477
   477    587    588
   477    588    480
   477    480    478
   588    589    484
   588    484    481
   588    481    480
   485    484    589
   485    589    590
   485    590    591
   485    591    592
   485    592    487
   485    487    486
   487    592    593
   487    593    594
   487    594    595
   487    595    488
   488    595    596
   488    596    597
   488    597    492
   488    492    490
   488    490    489
   597    598    493
   597    493    492
   493    598    599
   493    599    494
   495    600    501
   495    501    500
   495    500    496
   494    599    601
   494    601    600
   494    600    495
   502    501    600
   502    600    601
   502    601    602
   502    602    504
   502    504    503
   504    602    603
   504    603    505
   373    506    505
   373    505    603
   373    603    604
   373    604    507
   373    507    374
   507    604    605
   507    605    606
   507    606    509
   507    509    508
   509    606    607
   509    607    510
   509    510    376
   509    376    375
   510    607    608
   510    608    609
   510    609    610
   510    610    513
   510    513    512
   510    512    511
   514    513    610
   514    610    611
   514    611    516
   514    516    515
   516    611    612
   516    612    613
   516    613    614
   516    614    518
   516    518    517
   614    615    616
   614    616    617
   614    617    520
   614    520    519
   614    519    390
   614    390    389
   614    389    518
   616    618    619
   616    619    617
   617    619    620
   617    620    522
   617    522    521
   617    521    520
   621    523    522
   621    522    620
   395    523    621
   395    621    622
   395    622    396
   526    525    623
   526    623    527
   529    528    624
   529    624    530
   533    625    626
   533    626    535
   533    535    534
   535    626    627
   535    627    628
   535    628    536
   538    629    543
   538    543    540
   538    540    539
   537    630    631
   537    631    629
   537    629    538
   544    632    633
   544    633    545
   634    633    632
   634    632    635
   634    635    636
   541    545    633
   541    633    634
   541    634    550
   541    550    548
   541    548    547
   541    547    546
   541    546    542
   553    551    549
   553    549    550
   553    550    634
   553    634    636
   553    636    637
   553    637    638
   431    554    425
   431    425    424
   431    424    552
   431    552    553
   431    553    638
   431    638    639
   431    639    640
   431    640    555
   431    555    432
   639    641    642
   639    642    643
   639    643    640
   640    643    557
   640    557    556
   640    556    555
   434    557    643
   434    643    642
   434    642    644
   434    644    558
   434    558    435
   644    645    646
   644    646    647
   644    647    559
   644    559    558
   559    647    648
   559    648    561
   559    561    560
   438    561    648
   438    648    649
   438    649    650
   438    650    439
   439    650    651
   439    651    652
   439    652    563
   439    563    562
   439    562    440
   652    653    654
   652    654    564
   652    564    563
   443    564    654
   443    654    655
   443    655    565
   443    565    444
   655    656    657
   655    657    567
   655    567    566
   655    566    565
   567    657    658
   567    658    570
   567    570    569
   567    569    568
   658    659    574
   658    574    573
   658    573    572
   658    572    571
   658    571    570
   334    574    659
   334    659    660
   334    660    661
   334    661    335
   335    661    662
   335    662    663
   335    663    337
   335    337    336
   337    663    339
   337    339    338
   463    664    464
   464    664    665
   464    665    465
   577    666    579
   577    579    578
   667    668    580
   667    580    579
   667    579    666
   580    668    669
   580    669    670
   580    670    582
   580    582    581
   582    670    671
   582    671    672
   582    672    673
   582    673    583
   473    583    673
   473    673    584
   473    584    474
   584    673    672
   584    672    674
   584    674    675
   584    675    676
   584    676    586
   584    586    585
   586    676    677
   586    677    590
   586    590    589
   586    589    588
   586    588    587
   590    677    678
   590    678    679
   590    679    680
   590    680    681
   590    681    591
   591    681    682
   591    682    683
   591    683    684
   591    684    593
   591    593    592
   683    685    686
   683    686    687
   683    687    684
   593    684    687
   593    687    688
   593    688    594
   594    688    689
   594    689    690
   594    690    596
   594    596    595
   687    686    691
   687    691    689
   687    689    688
   596    690    692
   596    692    605
   596    605    604
   596    604    603
   596    603    602
   596    602    601
   596    601    599
   596    599    598
   596    598    597
   689    691    693
   689    693    692
   689    692    690
   605    692    693
   605    693    694
   605    694    608
   605    608    607
   605    607    606
   608    694    695
   608    695    696
   608    696    697
   608    697    698
   608    698    609
   610    609    698
   610    698    699
   610    699    700
   610    700    612
   610    612    611
   699    701    702
   699    702    703
   699    703    704
   699    704    700
   612    700    704
   612    704    705
   612    705    613
   613    705    706
   613    706    707
   613    707    708
   613    708    615
   613    615    614
   708    618    616
   708    616    615
   527    623    709
   527    709    710
   527    710    624
   527    624    528
   530    624    710
   530    710    531
   711    712    627
   711    627    626
   711    626    625
   627    712    713
   627    713    714
   627    714    628
   536    628    714
   536    714    715
   536    715    630
   536    630    537
   715    716    717
   715    717    631
   715    631    630
   631    717    718
   631    718    635
   631    635    632
   631    632    544
   631    544    543
   631    543    629
   636    635    718
   636    718    719
   636    719    720
   636    720    721
   636    721    637
   638    637    721
   638    721    722
   638    722    723
   638    723    724
   638    724    641
   638    641    639
   723    725    726
   723    726    727
   723    727    728
   723    728    724
   642    641    724
   642    724    728
   642    728    729
   642    729    645
   642    645    644
   729    730    646
   729    646    645
   728    727    731
   728    731    732
   728    732    730
   728    730    729
   648    647    646
   648    646    730
   648    730    732
   648    732    649
   649    732    731
   649    731    733
   649    733    734
   649    734    735
   649    735    651
   649    651    650
   651    735    736
   651    736    653
   651    653    652
   734    737    738
   734    738    739
   734    739    736
   734    736    735
   654    653    736
   654    736    739
   654    739    740
   654    740    656
   654    656    655
   739    738    741
   739    741    742
   739    742    743
   739    743    740
   740    743    660
   740    660    659
   740    659    658
   740    658    657
   740    657    656
   660    743    742
   660    742    744
   660    744    745
   660    745    662
   660    662    661
   339    663    662
   339    662    745
   339    745    746
   339    746    665
   339    665    664
   339    664    463
   339    463    462
   339    462    461
   339    461    340
   465    665    746
   465    746    747
   465    747    748
   465    748    575
   465    575    467
   465    467    466
   748    749    750
   748    750    667
   748    667    666
   748    666    577
   748    577    576
   748    576    575
   750    751    669
   750    669    668
   750    668    667
   752    753    671
   752    671    670
   752    670    669
   752    669    751
   672    671    753
   672    753    754
   672    754    755
   672    755    674
   674    755    756
   674    756    757
   674    757    758
   674    758    675
   675    758    759
   675    759    760
   675    760    761
   675    761    762
   675    762    678
   675    678    677
   675    677    676
   678    762    763
   678    763    764
   678    764    765
   678    765    766
   678    766    679
   679    766    767
   679    767    768
   679    768    769
   679    769    770
   679    770    680
   769    771    772
   769    772    770
   680    770    772
   680    772    773
   680    773    682
   680    682    681
   682    773    774
   682    774    685
   682    685    683
   772    771    775
   772    775    776
   772    776    774
   772    774    773
   693    691    686
   693    686    685
   693    685    774
   693    774    776
   693    776    777
   693    777    778
   693    778    779
   693    779    695
   693    695    694
   695    779    780
   695    780    781
   695    781    782
   695    782    696
   696    782    783
   696    783    784
   696    784    785
   696    785    786
   696    786    697
   786    785    787
   786    787    788
   786    788    789
   698    697    786
   698    786    789
   698    789    790
   698    790    791
   698    791    701
   698    701    699
   791    792    702
   791    702    701
   704    703    706
   704    706    705
   707    793    622
   707    622    621
   707    621    620
   707    620    619
   707    619    618
   707    618    708
   396    622    793
   396    793    524
   396    524    397
   531    710    709
   531    709    794
   531    794    795
   531    795    532
   532    795    796
   532    796    797
   532    797    711
   532    711    625
   532    625    533
   797    798    713
   797    713    712
   797    712    711
   714    713    798
   714    798    799
   714    799    716
   714    716    715
   718    717    716
   718    716    799
   718    799    800
   718    800    719
   719    800    801
   719    801    802
   719    802    803
   719    803    720
   721    720    803
   721    803    804
   721    804    805
   721    805    806
   721    806    807
   721    807    808
   721    808    722
   807    809    810
   807    810    811
   807    811    808
   722    808    811
   722    811    812
   722    812    725
   722    725    723
   812    813    726
   812    726    725
   811    810    814
   811    814    813
   811    813    812
   731    727    726
   731    726    813
   731    813    814
   731    814    815
   731    815    816
   731    816    817
   731    817    818
   731    818    819
   731    819    820
   731    820    821
   731    821    733
   820    822    823
   820    823    824
   820    824    825
   820    825    821
   733    821    825
   733    825    826
   733    826    827
   733    827    828
   733    828    829
   733    829    737
   733    737    734
   828    830    831
   828    831    829
   829    831    832
   829    832    833
   829    833    741
   829    741    738
   829    738    737
   741    833    834
   741    834    835
   741    835    744
   741    744    742
   745    744    835
   745    835    836
   745    836    837
   745    837    838
   745    838    839
   745    839    747
   745    747    746
   747    839    840
   747    840    749
   747    749    748
   840    841    842
   840    842    752
   840    752    751
   840    751    750
   840    750    749
   842    843    754
   842    754    753
   842    753    752
   754    843    844
   754    844    756
   754    756    755
   757    845    759
   757    759    758
   761    846    763
   761    763    762
   847    767    766
   847    766    765
   847    765    848
   849    850    851
   849    851    768
   849    768    767
   849    767    847
   768    851    852
   768    852    775
   768    775    771
   768    771    769
   776    775    852
   776    852    853
   776    853    854
   776    854    777
   855    856    778
   855    778    777
   855    777    854
   855    854    857
   855    857    858
   781    859    860
   781    860    861
   781    861    783
   781    783    782
   783    861    862
   783    862    863
   783    863    864
   783    864    865
   783    865    784
   784    865    787
   784    787    785
   787    865    864
   787    864    866
   787    866    867
   787    867    868
   787    868    788
   789    788    868
   789    868    790
   790    868    867
   790    867    869
   790    869    870
   790    870    792
   790    792    791
   706    703    702
   706    702    792
   706    792    870
   706    870    794
   706    794    709
   706    709    623
   706    623    525
   706    525    524
   706    524    793
   706    793    707
   794    870    869
   794    869    871
   794    871    872
   794    872    796
   794    796    795
   871    873    874
   871    874    875
   871    875    876
   871    876    877
   871    877    872
   796    872    877
   796    877    801
   796    801    800
   796    800    799
   796    799    798
   796    798    797
   877    876    878
   877    878    802
   877    802    801
   803    802    878
   803    878    879
   803    879    880
   803    880    804
   805    881    882
   805    882    806
   806    882    883
   806    883    884
   806    884    809
   806    809    807
   814    810    809
   814    809    884
   814    884    885
   814    885    815
   815    885    886
   815    886    887
   815    887    816
   819    888    822
   819    822    820
   825    824    889
   825    889    890
   825    890    826
   827    830    828
   891    892    834
   891    834    833
   891    833    832
   835    834    892
   835    892    893
   835    893    836
   838    894    841
   838    841    840
   838    840    839
   895    896    844
   895    844    843
   895    843    842
   895    842    841
   895    841    894
   756    844    896
   756    896    845
   756    845    757
   760    897    846
   760    846    761
   848    765    764
   848    764    898
   899    900    901
   899    901    850
   899    850    849
   901    853    852
   901    852    851
   901    851    850
   778    856    902
   778    902    780
   778    780    779
   780    902    903
   780    903    859
   780    859    781
   904    905    862
   904    862    861
   904    861    860
   906    905    904
   866    864    863
   866    863    907
   907    863    862
   907    862    905
   907    905    906
   907    906    908
   907    908    909
   869    867    866
   869    866    907
   869    907    909
   869    909    910
   869    910    873
   869    873    871
   910    911    912
   910    912    874
   910    874    873
   874    912    913
   874    913    914
   874    914    915
   874    915    875
   878    876    875
   878    875    915
   878    915    916
   878    916    917
   878    917    918
   878    918    879
   879    918    919
   879    919    920
   879    920    880
   804    880    920
   804    920    921
   804    921    881
   804    881    805
   883    886    885
   883    885    884
   816    887    817
   823    889    824
   826    890    922
   826    922    891
   826    891    832
   826    832    831
   826    831    830
   826    830    827
   922    923    893
   922    893    892
   922    892    891
   837    924    895
   837    895    894
   837    894    838
   925    897    760
   925    760    759
   925    759    845
   925    845    896
   925    896    895
   925    895    924
   898    764    763
   898    763    846
   898    846    897
   898    897    925
   858    857    900
   858    900    899
   854    853    901
   854    901    900
   854    900    857
   926    913    912
   926    912    911
   915    914    927
   915    927    916
   919    918    917
   919    917    928
   817    887    886
   817    886    883
   817    883    882
   817    882    881
   817    881    921
   817    921    818
   818    921    920
   818    920    919
   818    919    928
   818    928    929
   818    929    888
   818    888    819
   929    930    923
   929    923    922
   929    922    890
   929    890    889
   929    889    823
   929    823    822
   929    822    888
   836    893    923
   836    923    930
   836    930    931
   836    931    932
   836    932    933
   836    933    855
   836    855    858
   836    858    899
   836    899    849
   836    849    847
   836    847    848
   836    848    898
   836    898    925
   836    925    924
   836    924    837
   932    908    906
   932    906    904
   932    904    860
   932    860    859
   932    859    903
   932    903    933
   933    903    902
   933    902    856
   933    856    855
   927    914    913
   927    913    926
   927    926    934
   928    917    916
   928    916    927
   928    927    934
   928    934    931
   928    931    930
   928    930    929
   931    934    926
   931    926    911
   931    911    910
   931    910    909
   931    909    908
   931    908    932
    31     66    243
    31    243    165
    31    165     67
    31     67     32

