402 800
   16.695645     5.089353   225.508846
   55.250845     5.089353   232.072746
   16.695645    41.675653   222.701746
  -22.216855     5.089353   220.430646
   16.695645   -30.385247   228.284046
   92.765545     5.089353   230.802446
   71.851345    56.907053   226.406046
   16.695645    79.497353   220.007746
  -38.147655    57.459253   215.986246
  -62.194255     5.089353   222.485946
  -39.401255   -49.163247   226.625246
   16.695645   -66.246947   228.033146
   70.444545   -42.282747   232.598346
  127.844845     5.089353   216.492546
  114.914945    58.405753   214.219346
   75.246745   103.340753   215.042346
   16.695645   115.802953   214.809146
  -41.126055    99.603453   213.470546
  -85.216655    61.097853   218.439546
 -103.877855     5.089353   229.761046
  -88.774255   -54.966647   233.320446
  -43.196655   -96.434447   224.056646
   16.695645  -103.135047   220.918746
   73.395945   -82.665147   224.010246
  113.651245   -44.642947   221.865246
  160.261745     5.089353   192.793546
  149.528245    56.384953   190.611046
  121.743545   107.802853   193.294446
   75.345445   142.419053   199.033646
   16.695645   146.416753   203.603246
  -41.370555   134.659253   205.272546
  -92.619755   108.275153   209.630746
 -130.647955    62.389753   219.820746
 -145.745555     5.089353   232.779046
 -134.570955   -56.210647   237.398246
  -98.010155  -109.300047   223.998346
  -43.577855  -138.481847   208.058046
   16.695645  -139.794647   205.187946
   73.999245  -121.824547   208.065946
  121.840945   -90.946447   206.138846
  152.162445   -46.536847   199.403946
  191.481545     5.089353   167.261546
  179.878645    53.572153   164.688546
  157.131945   102.589653   165.980846
  122.208245   148.856153   170.817846
   73.792045   171.034253   178.351046
   16.695645   169.470153   184.397246
  -40.187155   162.884853   186.814046
  -93.404055   148.575453   190.337546
 -140.674455   113.280753   198.226146
 -172.900255    62.021453   208.640746
 -183.833855     5.089353   219.871146
 -174.671555   -54.856247   225.695846
 -145.511855  -111.284847   215.188846
  -98.627455  -153.313247   194.323446
  -42.115955  -174.076947   181.818746
   16.695645  -173.818547   182.277346
   73.334245  -158.793947   185.790746
  124.503445  -134.115947   184.802146
  165.278445   -97.812347   179.982746
  188.302345   -48.147047   173.305146
  222.825645     5.089353   143.532246
  210.183345    51.507753   140.907046
  188.215545    95.697953   140.583946
  158.216445   142.702053   142.169746
  119.627145   179.557653   146.530346
   71.467245   190.744553   153.018246
   16.695645   187.156553   157.654346
  -38.163955   185.884053   158.615146
  -90.459755   182.439953   160.048246
 -140.519155   159.027153   165.586846
 -182.684755   113.641253   173.188846
 -207.693455    60.262753   180.059446
 -214.317455     5.089353   187.287646
 -206.516155   -52.424947   193.112246
 -183.741655  -107.913847   188.790446
 -144.836355  -154.048847   172.429646
  -94.696355  -186.406447   156.496946
  -39.684455  -202.750847   151.334246
   16.695645  -203.118947   154.874246
   71.731345  -191.036747   158.413846
  123.187945  -170.591047   157.785846
  169.073645  -141.971647   155.375646
  204.266145  -101.285047   152.493446
  222.383045   -48.682447   148.173046
  252.862545     5.089353   119.140946
  241.380545    50.635653   116.948246
  219.841745    91.501353   115.945446
  190.485745   134.360053   115.371746
  155.703645   176.105953   115.836346
  115.677545   201.843553   118.630646
   68.868545   206.200053   122.828646
   16.695645   203.427553   125.177046
  -35.731255   206.421453   124.428846
  -85.669755   210.371653   123.765946
 -134.349455   197.583953   126.635246
 -180.142555   160.077753   132.274346
 -215.088655   109.592653   136.945046
 -232.987555    57.768653   139.479946
 -236.418655     5.089353   142.608046
 -230.017855   -49.854847   146.975046
 -212.685355  -102.910247   147.395946
 -181.320555  -148.560247   139.293546
 -138.146355  -184.833147   127.166346
  -88.908155  -210.936747   119.651146
  -36.881455  -225.075147   119.959746
   16.695645  -226.489047   124.303346
   69.458245  -216.798647   126.604846
  119.075545  -198.598547   125.357746
  165.021645  -173.662147   123.891846
  205.769745  -141.399047   124.157346
  236.359845   -99.128447   124.304346
  252.082745   -47.488447   122.292546
  276.676645     5.089353    88.944446
  269.198945    50.346653    87.482946
  250.493045    90.239653    86.681846
  221.931745   129.138153    85.717546
  187.492045   168.672053    84.514246
  150.550245   201.640153    84.204546
  110.801545   218.368653    85.611846
   66.014245   220.543953    87.799146
   16.695645   220.296053    88.668046
  -33.003855   225.868353    87.489046
  -80.111755   232.749353    86.144646
 -125.595555   226.408353    87.044246
 -170.345755   197.268453    90.489346
 -210.174755   152.092353    94.222546
 -237.744555   103.322553    95.778846
 -250.360555    55.134653    95.523646
 -252.110655     5.089353    96.009946
 -247.037455   -47.221947    98.344446
 -233.859055   -97.288747   100.228446
 -208.888655  -140.753747    98.194646
 -172.352955  -177.117747    92.315146
 -128.938855  -207.005747    86.682346
  -82.548455  -229.101947    84.888046
  -33.879055  -241.306147    87.027846
   16.695645  -243.104547    90.030646
   66.659745  -235.321847    90.562446
  113.303045  -218.857747    88.618146
  156.308645  -195.037247    87.057046
  196.275245  -165.818847    87.877546
  231.494545  -131.902447    90.255846
  258.025245   -91.660147    91.696746
  273.105845   -44.463447    90.889046
  288.814845     5.089353    51.048446
  286.424545    49.394653    50.358446
  273.014345    89.433053    50.057246
  248.142045   126.010853    49.655846
  215.173145   161.192353    48.839646
  179.168745   193.500553    47.961446
  142.732745   217.424453    47.693046
  104.677745   229.342953    48.285946
   62.617245   232.899153    49.219746
   16.695645   235.846453    49.598546
  -29.788155   242.357953    49.088746
  -73.916755   248.504453    48.381646
 -115.957655   244.085253    48.532646
 -157.545955   221.527653    49.967546
 -197.630355   183.836253    52.029246
 -231.123355   140.366153    53.387946
 -252.744955    96.790253    53.284246
 -262.067355    52.442253    52.371446
 -263.030855     5.089353    51.968646
 -258.734155   -44.004747    52.695046
 -248.149055   -90.336247    53.867146
 -228.037955  -130.809447    54.048646
 -197.518455  -165.880747    52.537346
 -159.715155  -196.844347    50.255746
 -118.616955  -222.842847    48.806546
  -75.725355  -241.348847    49.019546
  -30.508055  -250.934347    50.387546
   16.695645  -252.282047    51.438746
   63.324645  -246.280247    51.005746
  106.590045  -232.503347    49.439346
  145.894545  -210.561147    48.183846
  182.301745  -182.235447    48.341546
  216.047445  -150.737147    49.867346
  245.339845  -117.613647    51.673346
  267.769645   -81.402247    52.498246
  282.273245   -40.075647    52.035746
  287.920745     5.089353     9.801746
  288.921845    46.739153     9.801746
  280.821145    85.986653     9.801746
  261.868145   120.961553     9.801746
  233.602845   152.223753     9.801746
  200.390745   180.438553     9.801746
  166.255545   204.471653     9.801746
  132.332645   222.161253     9.801746
   97.059645   233.021253     9.801746
   58.482845   239.576853     9.801746
   16.695645   245.403253     9.801746
  -25.863755   251.715453     9.801746
  -66.711155   255.411453     9.801746
 -105.501655   250.409653     9.801746
 -143.522155   232.315953     9.801746
 -181.175755   202.473853     9.801746
 -216.030655   166.465053     9.801746
 -243.598655   128.865053     9.801746
 -260.670055    90.365553     9.801746
 -267.813455    49.289053     9.801746
 -268.141755     5.089353     9.801746
 -263.921755   -39.720447     9.801746
 -254.631955   -81.366447     9.801746
 -238.018755  -118.173147     9.801746
 -212.907855  -151.267547     9.801746
 -180.873755  -182.176047     9.801746
 -145.005955  -210.310747     9.801746
 -107.388555  -232.879347     9.801746
  -68.119455  -247.342147     9.801746
  -26.567555  -253.744847     9.801746
   16.695645  -254.124647     9.801746
   59.411245  -249.797047     9.801746
   99.183445  -239.757547     9.801746
  135.209245  -222.000747     9.801746
  168.194745  -196.440347     9.801746
  198.813045  -166.026247     9.801746
  226.514345  -134.492047     9.801746
  249.851945  -103.319547     9.801746
  267.814045   -71.018147     9.801746
  280.458845   -35.069447     9.801746
  277.813345     5.089353   -28.754354
  278.812445    50.616753   -28.127354
  269.325245    93.684253   -28.215054
  246.997545   130.485053   -28.282354
  214.486445   161.094253   -27.728954
  177.715245   186.879153   -26.787954
  140.637245   208.017753   -26.258054
  102.826145   224.145453   -26.662954
   61.735345   236.127053   -27.770554
   16.695645   245.532753   -28.824454
  -29.658455   251.845953   -29.329154
  -74.284955   250.942753   -29.628254
 -116.851155   237.851753   -30.525154
 -158.633455   211.900053   -32.355254
 -198.745155   177.624953   -34.426154
 -232.499555   139.753653   -35.405154
 -254.652355    99.064753   -34.624454
 -264.222755    53.939653   -32.905654
 -264.548555     5.089353   -31.722954
 -258.708155   -42.880547   -31.843154
 -246.358255   -85.841347   -32.805654
 -225.232755  -124.227947   -33.394854
 -194.935855  -160.980847   -32.833254
 -158.182355  -196.372447   -31.609754
 -118.131155  -225.845447   -30.871554
  -75.766455  -243.985047   -31.181854
  -30.593055  -250.505647   -31.944654
   16.695645  -249.983047   -31.892854
   63.259245  -245.699747   -30.408754
  106.241545  -235.690047   -28.321754
  144.941145  -215.424247   -27.096354
  180.066445  -184.247347   -27.542654
  211.469845  -147.417247   -29.268054
  237.531645  -110.712747   -30.909954
  256.919845   -75.130647   -31.185254
  270.061345   -37.450047   -30.093554
  263.640045     5.089353   -63.126554
  262.153845    53.153653   -62.167854
  249.283045    97.862753   -62.997954
  222.983245   134.334753   -63.522854
  187.229845   163.192853   -62.500854
  148.192345   187.220953   -61.058954
  107.988545   207.799753   -61.101154
   64.564745   224.819253   -63.061654
   16.695645   237.262853   -65.648254
  -32.972655   242.371753   -67.589554
  -81.005855   235.922953   -69.307254
 -126.915355   215.933553   -72.119854
 -171.029455   185.349453   -75.929554
 -209.949155   148.532453   -78.449354
 -237.264555   106.370953   -77.564254
 -249.892955    57.693353   -74.310354
 -250.738255     5.089353   -71.900954
 -243.626455   -44.892347   -72.186154
 -228.601255   -89.242047   -74.033154
 -203.630955  -131.312447   -74.770354
 -169.059455  -174.004147   -73.364554
 -127.986555  -212.400647   -71.538154
  -82.832555  -236.566747   -71.192754
  -34.189855  -243.749847   -71.853854
   16.695645  -241.527447   -71.187654
   66.619045  -236.510847   -68.137954
  112.794045  -225.973047   -64.726454
  154.701445  -202.455047   -63.787454
  192.144645  -165.303347   -65.909154
  222.988445  -122.711547   -68.692854
  244.739045   -81.278447   -68.913054
  257.639345   -39.981847   -66.156554
  247.624645     5.089353   -96.213554
  242.500745    54.976953   -95.897654
  225.166945   100.163353   -98.462154
  194.753245   136.065353   -99.798554
  156.056845   164.625353   -98.488054
  113.718845   189.309353   -97.338554
   67.595445   210.381953   -98.785954
   16.695645   224.651353  -101.966454
  -36.158455   227.295453  -104.933354
  -87.081855   215.090753  -107.833454
 -134.875555   189.522353  -111.735454
 -177.697555   154.674553  -115.206554
 -209.712455   111.843953  -115.154854
 -226.127455    60.510853  -111.834654
 -228.726055     5.089353  -109.477454
 -221.592055   -46.778747  -110.783554
 -204.878655   -94.343147  -113.595254
 -176.492155  -142.837347  -113.941054
 -137.081355  -190.535847  -111.587154
  -89.848155  -223.643447  -109.638054
  -37.638555  -233.375147  -109.118354
   16.695645  -228.982147  -107.645054
   69.573645  -221.548347  -104.018754
  118.806645  -208.279647  -101.121154
  163.800645  -179.649147  -101.918754
  202.110245  -136.552247  -104.780454
  229.192345   -89.431747  -104.793454
  243.498845   -43.085347  -100.497054
  228.225545     5.089353  -130.578254
  220.174045    56.923053  -132.895154
  198.455245   103.158353  -138.540254
  163.692045   140.264053  -140.837154
  120.450245   170.679153  -139.259954
   71.253845   195.519353  -138.414054
   16.695645   210.345453  -139.730154
  -39.458755   209.030453  -141.478954
  -92.347555   190.292753  -143.478654
 -139.208055   158.156953  -145.982654
 -175.745055   115.424953  -146.807154
 -196.738355    62.583653  -145.197854
 -202.479255     5.089353  -145.009054
 -196.392955   -49.482347  -148.741754
 -177.843655  -102.581247  -152.518654
 -144.145655  -157.324947  -151.665854
  -96.759355  -200.990047  -147.898354
  -41.098355  -216.393247  -144.803754
   16.695645  -210.415447  -141.845754
   72.037545  -198.766347  -138.293054
  123.473545  -179.885947  -136.941354
  169.575945  -144.627047  -138.696354
  204.751545   -96.870247  -138.806254
  223.872245   -46.377547  -134.346954
  202.657345     5.089353  -164.628954
  193.391745    59.433653  -172.313754
  167.482945   108.269453  -182.128654
  126.755445   148.039653  -184.755654
   75.272045   178.024753  -181.900154
   16.695645   192.821253  -178.899054
  -42.699755   185.988053  -176.618854
  -95.963355   158.973653  -175.522254
 -138.226355   117.349053  -175.700654
 -164.772055    64.111153  -176.528054
 -174.472755     5.089353  -180.281854
 -168.973455   -53.010947  -187.354054
 -145.705255  -111.618047  -190.932854
 -102.151755  -164.347447  -186.850054
  -44.318155  -188.684447  -179.725054
   16.695645  -183.419247  -173.310154
   73.709645  -167.037447  -168.696554
  125.362145  -140.997547  -167.570654
  168.355545   -99.567547  -167.575354
  195.017645   -48.800947  -164.986854
  170.283845     5.089353  -193.213254
  160.583545    62.213753  -208.143654
  128.911045   113.860953  -221.350754
   78.500445   151.997253  -222.002554
   16.695645   167.641953  -215.409054
  -45.236655   154.380053  -208.500854
  -96.445255   117.401953  -205.155454
 -130.326355    65.107053  -207.112154
 -144.086055     5.089353  -214.875754
 -136.498155   -56.019747  -224.039954
 -103.058655  -114.167247  -223.523054
  -46.602555  -149.101247  -212.422354
   16.695645  -148.196547  -199.847954
   74.283845  -128.458547  -191.516954
  123.146445   -95.817847  -188.434554
  157.490645   -49.411947  -187.965054
  133.523045     5.089353  -212.854554
  121.436645    64.114553  -233.966054
   79.216245   112.955853  -246.543754
   16.695645   132.101353  -242.443054
  -46.108355   112.548153  -234.692854
  -91.004555    65.198353  -234.544454
 -109.118755     5.089353  -243.670654
  -95.104955   -56.186247  -250.123254
  -46.991655  -101.560047  -239.126854
   16.695645  -108.619547  -219.365854
   73.637645   -87.291147  -205.877054
  115.509045   -48.177147  -203.062454
   95.388345     5.089353  -225.742754
   75.233045    62.542653  -248.692654
   16.695645    89.132553  -255.428854
  -43.506955    62.654853  -253.364054
  -68.882955     5.089353  -259.437454
  -43.753455   -50.976647  -255.838754
   16.695645   -69.348547  -232.289154
   71.079945   -45.231947  -217.026154
   56.813845     5.089353  -237.169454
   16.695645    45.333953  -255.917954
  -25.759555     5.089353  -259.693454
   16.695645   -32.096047  -241.533054
   16.695645     5.089353  -249.676754
     1      2      3
     1      3      4
     1      4      5
     1      5      2
     2      6      7
     7      3      2
     3      7      8
     3      8      9
     9      4      3
     4      9     10
     4     10     11
    11      5      4
     5     11     12
     5     12     13
    13      2      5
     2     13      6
     6     14     15
    15      7      6
     7     15     16
    16      8      7
     8     16     17
     8     17     18
    18      9      8
     9     18     19
    19     10      9
    10     19     20
    10     20     21
    21     11     10
    11     21     22
    22     12     11
    12     22     23
    12     23     24
    24     13     12
    13     24     25
    25      6     13
     6     25     14
    14     26     27
    27     15     14
    15     27     28
    28     16     15
    16     28     29
    29     17     16
    17     29     30
    17     30     31
    31     18     17
    18     31     32
    32     19     18
    19     32     33
    33     20     19
    20     33     34
    20     34     35
    35     21     20
    21     35     36
    36     22     21
    22     36     37
    37     23     22
    23     37     38
    23     38     39
    39     24     23
    24     39     40
    40     25     24
    25     40     41
    41     14     25
    14     41     26
    26     42     43
    43     27     26
    27     43     44
    44     28     27
    28     44     45
    45     29     28
    29     45     46
    46     30     29
    30     46     47
    30     47     48
    48     31     30
    31     48     49
    49     32     31
    32     49     50
    50     33     32
    33     50     51
    51     34     33
    34     51     52
    34     52     53
    53     35     34
    35     53     54
    54     36     35
    36     54     55
    55     37     36
    37     55     56
    56     38     37
    38     56     57
    38     57     58
    58     39     38
    39     58     59
    59     40     39
    40     59     60
    60     41     40
    41     60     61
    61     26     41
    26     61     42
    42     62     63
    63     43     42
    43     63     64
    64     44     43
    44     64     65
    65     45     44
    45     65     66
    66     46     45
    46     66     67
    67     47     46
    47     67     68
    47     68     69
    69     48     47
    48     69     70
    70     49     48
    49     70     71
    71     50     49
    50     71     72
    72     51     50
    51     72     73
    73     52     51
    52     73     74
    52     74     75
    75     53     52
    53     75     76
    76     54     53
    54     76     77
    77     55     54
    55     77     78
    78     56     55
    56     78     79
    79     57     56
    57     79     80
    57     80     81
    81     58     57
    58     81     82
    82     59     58
    59     82     83
    83     60     59
    60     83     84
    84     61     60
    61     84     85
    85     42     61
    42     85     62
    62     86     87
    87     63     62
    63     87     88
    88     64     63
    64     88     89
    89     65     64
    65     89     90
    90     66     65
    66     90     91
    91     67     66
    67     91     92
    92     68     67
    68     92     93
    68     93     94
    94     69     68
    69     94     95
    95     70     69
    70     95     96
    96     71     70
    71     96     97
    97     72     71
    72     97     98
    98     73     72
    73     98     99
    99     74     73
    74     99    100
    74    100    101
   101     75     74
    75    101    102
   102     76     75
    76    102    103
   103     77     76
    77    103    104
   104     78     77
    78    104    105
   105     79     78
    79    105    106
   106     80     79
    80    106    107
    80    107    108
   108     81     80
    81    108    109
   109     82     81
    82    109    110
   110     83     82
    83    110    111
   111     84     83
    84    111    112
   112     85     84
    85    112    113
   113     62     85
    62    113     86
    86    114    115
   115     87     86
    87    115    116
   116     88     87
    88    116    117
   117     89     88
    89    117    118
   118     90     89
    90    118    119
   119     91     90
    91    119    120
   120     92     91
    92    120    121
   121     93     92
    93    121    122
    93    122    123
   123     94     93
    94    123    124
   124     95     94
    95    124    125
   125     96     95
    96    125    126
   126     97     96
    97    126    127
   127     98     97
    98    127    128
   128     99     98
    99    128    129
   129    100     99
   100    129    130
   100    130    131
   131    101    100
   101    131    132
   132    102    101
   102    132    133
   133    103    102
   103    133    134
   134    104    103
   104    134    135
   135    105    104
   105    135    136
   136    106    105
   106    136    137
   137    107    106
   107    137    138
   107    138    139
   139    108    107
   108    139    140
   140    109    108
   109    140    141
   141    110    109
   110    141    142
   142    111    110
   111    142    143
   143    112    111
   112    143    144
   144    113    112
   113    144    145
   145     86    113
    86    145    114
   114    146    147
   147    115    114
   115    147    148
   148    116    115
   116    148    149
   149    117    116
   117    149    150
   150    118    117
   118    150    151
   151    119    118
   119    151    152
   152    120    119
   120    152    153
   153    121    120
   121    153    154
   154    122    121
   122    154    155
   122    155    156
   156    123    122
   123    156    157
   157    124    123
   124    157    158
   158    125    124
   125    158    159
   159    126    125
   126    159    160
   160    127    126
   127    160    161
   161    128    127
   128    161    162
   162    129    128
   129    162    163
   163    130    129
   130    163    164
   130    164    165
   165    131    130
   131    165    166
   166    132    131
   132    166    167
   167    133    132
   133    167    168
   168    134    133
   134    168    169
   169    135    134
   135    169    170
   170    136    135
   136    170    171
   171    137    136
   137    171    172
   172    138    137
   138    172    173
   138    173    174
   174    139    138
   139    174    175
   175    140    139
   140    175    176
   176    141    140
   141    176    177
   177    142    141
   142    177    178
   178    143    142
   143    178    179
   179    144    143
   144    179    180
   180    145    144
   145    180    181
   181    114    145
   114    181    146
   146    182    183
   183    147    146
   147    183    184
   184    148    147
   148    184    185
   185    149    148
   149    185    186
   186    150    149
   150    186    187
   187    151    150
   151    187    188
   188    152    151
   152    188    189
   189    153    152
   153    189    190
   190    154    153
   154    190    191
   191    155    154
   155    191    192
   155    192    193
   193    156    155
   156    193    194
   194    157    156
   157    194    195
   195    158    157
   158    195    196
   196    159    158
   159    196    197
   197    160    159
   160    197    198
   198    161    160
   161    198    199
   199    162    161
   162    199    200
   200    163    162
   163    200    201
   201    164    163
   164    201    202
   164    202    203
   203    165    164
   165    203    204
   204    166    165
   166    204    205
   205    167    166
   167    205    206
   206    168    167
   168    206    207
   207    169    168
   169    207    208
   208    170    169
   170    208    209
   209    171    170
   171    209    210
   210    172    171
   172    210    211
   211    173    172
   173    211    212
   173    212    213
   213    174    173
   174    213    214
   214    175    174
   175    214    215
   215    176    175
   176    215    216
   216    177    176
   177    216    217
   217    178    177
   178    217    218
   218    179    178
   179    218    219
   219    180    179
   180    219    220
   220    181    180
   181    220    221
   221    146    181
   146    221    182
   222    183    182
   223    183    222
   223    184    183
   224    184    223
   224    185    184
   225    185    224
   225    186    185
   226    186    225
   226    187    186
   227    187    226
   227    188    187
   228    188    227
   228    189    188
   229    189    228
   229    190    189
   230    190    229
   230    191    190
   231    191    230
   231    192    191
   231    193    192
   232    193    231
   232    194    193
   233    194    232
   233    195    194
   234    195    233
   234    196    195
   235    196    234
   235    197    196
   236    197    235
   236    198    197
   237    198    236
   237    199    198
   238    199    237
   238    200    199
   239    200    238
   239    201    200
   240    201    239
   240    202    201
   240    203    202
   241    203    240
   241    204    203
   242    204    241
   242    205    204
   243    205    242
   243    206    205
   244    206    243
   244    207    206
   245    207    244
   245    208    207
   246    208    245
   246    209    208
   247    209    246
   247    210    209
   248    210    247
   248    211    210
   249    211    248
   249    212    211
   249    213    212
   250    213    249
   250    214    213
   251    214    250
   251    215    214
   252    215    251
   252    216    215
   253    216    252
   253    217    216
   254    217    253
   254    218    217
   255    218    254
   255    219    218
   256    219    255
   256    220    219
   257    220    256
   257    221    220
   222    221    257
   222    182    221
   258    223    222
   259    223    258
   259    224    223
   260    224    259
   260    225    224
   261    225    260
   261    226    225
   262    226    261
   262    227    226
   263    227    262
   263    228    227
   264    228    263
   264    229    228
   265    229    264
   265    230    229
   266    230    265
   266    231    230
   266    232    231
   267    232    266
   267    233    232
   268    233    267
   268    234    233
   269    234    268
   269    235    234
   270    235    269
   270    236    235
   271    236    270
   271    237    236
   272    237    271
   272    238    237
   273    238    272
   273    239    238
   274    239    273
   274    240    239
   274    241    240
   275    241    274
   275    242    241
   276    242    275
   276    243    242
   277    243    276
   277    244    243
   278    244    277
   278    245    244
   279    245    278
   279    246    245
   280    246    279
   280    247    246
   281    247    280
   281    248    247
   282    248    281
   282    249    248
   282    250    249
   283    250    282
   283    251    250
   284    251    283
   284    252    251
   285    252    284
   285    253    252
   286    253    285
   286    254    253
   287    254    286
   287    255    254
   288    255    287
   288    256    255
   289    256    288
   289    257    256
   258    257    289
   258    222    257
   290    259    258
   291    259    290
   291    260    259
   292    260    291
   292    261    260
   293    261    292
   293    262    261
   294    262    293
   294    263    262
   295    263    294
   295    264    263
   296    264    295
   296    265    264
   297    265    296
   297    266    265
   297    267    266
   298    267    297
   298    268    267
   299    268    298
   299    269    268
   300    269    299
   300    270    269
   301    270    300
   301    271    270
   302    271    301
   302    272    271
   303    272    302
   303    273    272
   304    273    303
   304    274    273
   304    275    274
   305    275    304
   305    276    275
   306    276    305
   306    277    276
   307    277    306
   307    278    277
   308    278    307
   308    279    278
   309    279    308
   309    280    279
   310    280    309
   310    281    280
   311    281    310
   311    282    281
   311    283    282
   312    283    311
   312    284    283
   313    284    312
   313    285    284
   314    285    313
   314    286    285
   315    286    314
   315    287    286
   316    287    315
   316    288    287
   317    288    316
   317    289    288
   290    289    317
   290    258    289
   318    291    290
   319    291    318
   319    292    291
   320    292    319
   320    293    292
   321    293    320
   321    294    293
   322    294    321
   322    295    294
   323    295    322
   323    296    295
   324    296    323
   324    297    296
   324    298    297
   325    298    324
   325    299    298
   326    299    325
   326    300    299
   327    300    326
   327    301    300
   328    301    327
   328    302    301
   329    302    328
   329    303    302
   330    303    329
   330    304    303
   330    305    304
   331    305    330
   331    306    305
   332    306    331
   332    307    306
   333    307    332
   333    308    307
   334    308    333
   334    309    308
   335    309    334
   335    310    309
   336    310    335
   336    311    310
   336    312    311
   337    312    336
   337    313    312
   338    313    337
   338    314    313
   339    314    338
   339    315    314
   340    315    339
   340    316    315
   341    316    340
   341    317    316
   318    317    341
   318    290    317
   342    319    318
   343    319    342
   343    320    319
   344    320    343
   344    321    320
   345    321    344
   345    322    321
   346    322    345
   346    323    322
   347    323    346
   347    324    323
   347    325    324
   348    325    347
   348    326    325
   349    326    348
   349    327    326
   350    327    349
   350    328    327
   351    328    350
   351    329    328
   352    329    351
   352    330    329
   352    331    330
   353    331    352
   353    332    331
   354    332    353
   354    333    332
   355    333    354
   355    334    333
   356    334    355
   356    335    334
   357    335    356
   357    336    335
   357    337    336
   358    337    357
   358    338    337
   359    338    358
   359    339    338
   360    339    359
   360    340    339
   361    340    360
   361    341    340
   342    341    361
   342    318    341
   362    343    342
   363    343    362
   363    344    343
   364    344    363
   364    345    344
   365    345    364
   365    346    345
   366    346    365
   366    347    346
   366    348    347
   367    348    366
   367    349    348
   368    349    367
   368    350    349
   369    350    368
   369    351    350
   370    351    369
   370    352    351
   370    353    352
   371    353    370
   371    354    353
   372    354    371
   372    355    354
   373    355    372
   373    356    355
   374    356    373
   374    357    356
   374    358    357
   375    358    374
   375    359    358
   376    359    375
   376    360    359
   377    360    376
   377    361    360
   362    361    377
   362    342    361
   378    363    362
   379    363    378
   379    364    363
   380    364    379
   380    365    364
   381    365    380
   381    366    365
   381    367    366
   382    367    381
   382    368    367
   383    368    382
   383    369    368
   384    369    383
   384    370    369
   384    371    370
   385    371    384
   385    372    371
   386    372    385
   386    373    372
   387    373    386
   387    374    373
   387    375    374
   388    375    387
   388    376    375
   389    376    388
   389    377    376
   378    377    389
   378    362    377
   390    379    378
   391    379    390
   391    380    379
   392    380    391
   392    381    380
   392    382    381
   393    382    392
   393    383    382
   394    383    393
   394    384    383
   394    385    384
   395    385    394
   395    386    385
   396    386    395
   396    387    386
   396    388    387
   397    388    396
   397    389    388
   390    389    397
   390    378    389
   398    391    390
   399    391    398
   399    392    391
   399    393    392
   400    393    399
   400    394    393
   400    395    394
   401    395    400
   401    396    395
   401    397    396
   398    397    401
   398    390    397
   402    399    398
   402    400    399
   402    401    400
   402    398    401
